[-1.5, -1, 0.243695]
[-1.1, -0.6, 0.556376]
[-0.6, -0.4, 1.01204]
[0, -0.4, 2.14273]
[0.4, 0, 4.89279]
[0.1, 0.6, 1.51506]
[-5, 4.1, 1.29685e-13]
[0, 2, 0.0845345]
[-1.5, -1, 0.243695]
[-0.7, -0.6, 0.718475]
[0.9, 0.3, 2.36263]
[3.8, 3.4, 2.22919e-05]
[2.3, -5, 1.24765e-11]
[0.4, -1.4, 0.10522]
[-5, 4.1, 1.29685e-13]
[0, 2, 0.0845345]
[-1.5, -1, 0.243695]
[0.1, 0, 3.77826]
[-0.1, -2.2, 0.014293]
[3.8, 3.4, 2.22919e-05]
[2.3, -5, 1.24765e-11]
[0.4, -1.4, 0.10522]
[-5, 4.1, 1.29685e-13]
[0, 2, 0.0845345]
[-1.5, -1, 0.243695]
[3, -1.7, 0.000887229]
[-0.1, -2.2, 0.014293]
[3.8, 3.4, 2.22919e-05]
[2.3, -5, 1.24765e-11]
[0.4, -1.4, 0.10522]
[-5, 4.1, 1.29685e-13]
[0, 2, 0.0845345]
[-1.5, -1, 0.243695]
[3, -1.7, 0.000887229]
[-0.1, -2.2, 0.014293]
[3.8, 3.4, 2.22919e-05]
[2.3, -5, 1.24765e-11]
[0.4, -1.4, 0.10522]
[-5, 4.1, 1.29685e-13]
[0, 2, 0.0845345]
[-1.5, -1, 0.243695]
[3, -1.7, 0.000887229]
[-0.1, -2.2, 0.014293]
[3.8, 3.4, 2.22919e-05]
[2.3, -5, 1.24765e-11]
[0.4, -1.4, 0.10522]
[-5, 4.1, 1.29685e-13]
[0, 2, 0.0845345]
[-1.5, -1, 0.243695]
[3, -1.7, 0.000887229]
[-0.1, -2.2, 0.014293]
[3.8, 3.4, 2.22919e-05]
[2.3, -5, 1.24765e-11]
[0.4, -1.4, 0.10522]
[-5, 4.1, 1.29685e-13]
[0, 2, 0.0845345]
[-1.5, -1, 0.243695]
[3, -1.7, 0.000887229]
[-0.1, -2.2, 0.014293]
[3.8, 3.4, 2.22919e-05]
[2.3, -5, 1.24765e-11]
[0.4, -1.4, 0.10522]
[-5, 4.1, 1.29685e-13]
[0, 2, 0.0845345]
[-1.5, -1, 0.243695]
[3, -1.7, 0.000887229]
[-0.1, -2.2, 0.014293]
[3.8, 3.4, 2.22919e-05]
[2.3, -5, 1.24765e-11]
[0.4, -1.4, 0.10522]
[-5, 4.1, 1.29685e-13]
[0, 2, 0.0845345]
[-1.5, -1, 0.243695]
[3, -1.7, 0.000887229]
[-0.1, -2.2, 0.014293]
[3.8, 3.4, 2.22919e-05]
[2.3, -5, 1.24765e-11]
[0.4, -1.4, 0.10522]
[-5, 4.1, 1.29685e-13]
[0, 2, 0.0845345]
[-1.5, -1, 0.243695]
[3, -1.7, 0.000887229]
[-0.1, -2.2, 0.014293]
[3.8, 3.4, 2.22919e-05]
[2.3, -5, 1.24765e-11]
[0.4, -1.4, 0.10522]
[-5, 4.1, 1.29685e-13]
[0, 2, 0.0845345]
[-1.5, -1, 0.243695]
[3, -1.7, 0.000887229]
[-0.1, -2.2, 0.014293]
[3.8, 3.4, 2.22919e-05]
[2.3, -5, 1.24765e-11]
[0.4, -1.4, 0.10522]
[-5, 4.1, 1.29685e-13]
[0, 2, 0.0845345]
[-1.5, -1, 0.243695]
[3, -1.7, 0.000887229]
[-0.1, -2.2, 0.014293]
[3.8, 3.4, 2.22919e-05]
[2.3, -5, 1.24765e-11]
[0.4, -1.4, 0.10522]
[-5, 4.1, 1.29685e-13]
[0, 2, 0.0845345]
[-1.5, -1, 0.243695]
[3, -1.7, 0.000887229]
[-0.1, -2.2, 0.014293]
[3.8, 3.4, 2.22919e-05]
[2.3, -5, 1.24765e-11]
[0.4, -1.4, 0.10522]
[-5, 4.1, 1.29685e-13]
[0, 2, 0.0845345]
[-1.5, -1, 0.243695]
[3, -1.7, 0.000887229]
[-0.1, -2.2, 0.014293]
[3.8, 3.4, 2.22919e-05]
[2.3, -5, 1.24765e-11]
[0.4, -1.4, 0.10522]
[-5, 4.1, 1.29685e-13]
[0, 2, 0.0845345]
[-1.5, -1, 0.243695]
[3, -1.7, 0.000887229]
[-0.1, -2.2, 0.014293]
[3.8, 3.4, 2.22919e-05]
[2.3, -5, 1.24765e-11]
[0.4, -1.4, 0.10522]
[-5, 4.1, 1.29685e-13]
[0, 2, 0.0845345]
[-1.5, -1, 0.243695]
[3, -1.7, 0.000887229]
[-0.1, -2.2, 0.014293]
[3.8, 3.4, 2.22919e-05]
[2.3, -5, 1.24765e-11]
[0.4, -1.4, 0.10522]
[-5, 4.1, 1.29685e-13]
[0, 2, 0.0845345]
[-1.5, -1, 0.243695]
[3, -1.7, 0.000887229]
[-0.1, -2.2, 0.014293]
[3.8, 3.4, 2.22919e-05]
[2.3, -5, 1.24765e-11]
[0.4, -1.4, 0.10522]
[-5, 4.1, 1.29685e-13]
[0, 2, 0.0845345]
[-1.5, -1, 0.243695]
[3, -1.7, 0.000887229]
[-0.1, -2.2, 0.014293]
[3.8, 3.4, 2.22919e-05]
[2.3, -5, 1.24765e-11]
[0.4, -1.4, 0.10522]
[-5, 4.1, 1.29685e-13]
[0, 2, 0.0845345]
[-1.5, -1, 0.243695]
[3, -1.7, 0.000887229]
[-0.1, -2.2, 0.014293]
[3.8, 3.4, 2.22919e-05]
[2.3, -5, 1.24765e-11]
[0.4, -1.4, 0.10522]
[-5, 4.1, 1.29685e-13]
[0, 2, 0.0845345]

